sinistres<-c(8,42,72,103,108,117,120,122,
           134,150,178,181,207,215,228,231,
           266,275,286,311,320,321,323,350,
           358,380,411,422,448,486,511,514,
           532,559,560,564,582,593,605,612,
           622,634,649,652,666,678,701,722,
           730,765,770,778,796,815,823,844,
           865,876,889,902,911,935,960,993,
           1001,1023,1087,1092,1095,1114,1148,1196,
           1225,1288,1351,1396,1432,1476,1504,1531,
           1577,1599,1609,1656,1687,1742,1772,1804,
           1832,1919,1976,2030,2077,2114,2162,2215,
           2265,2289,2390,2426,2443,2500,2572,2604,
           2630,2723,2827,2969,3116,3332,3706,4103,
           4161,4414,4673,4870,5161,5253,5447,5410,
           5622,5801,5989,6184,6256,6742,7111,7555,
           8319,8633,9413,10216,11899,12829,13821,14433,
           19832,22421,27641,34975)
